12 12 12 12 12 12 12 12 12 12 12 12 12 12 12 12 12 12 12 12 12 12 12 12 12 12 12 12 12 12 12 12 12 12 12 12 12 12 12 12 12 12 12 12 12 12 12 12 12 12
12 12 12 12 12 12 12 12 12 12 12 12 12 12 12 12 12 12 12 12 12 12 12 12 12 12 12 12 12 12 12 12 12 12 12 12 12 12 12 12 12 12 12 12 12 12 12 12 12 12
12 12 12 12 12 12 12 12 12 12 12 12 12 12 12 12 12 12 12 12 12 12 12 12 12 12 12 12 12 12 12 12 12 12 12 12 12 12 12 12 12 12 12 12 12 12 12 12 12 12
12 12 12 12 12 12 12 12 12 12 12 12 12 12 12 12 12 12 12 12 12 12 12 12 12 12 12 12 12 12 12 12 12 12 12 12 12 12 12 12 12 12 12 12 12 12 12 12 12 12
12 12 12 12 22 20 20 20 20 20 20 20 20 20 20 20 20 20 20 20 20 20 20 20 20 20 20 20 20 20 20 20 20 20 20 20 20 20 20 20 20 20 20 20 20 23 12 12 12 12
12 12 12 12 18 11 10 11 11 11 11 11 11 11 11 10 11 10 41 41 41 41 41 41 41 41 41 41 41 41 41 41 10 11 10 11 11 11 11 11 11 11 11 10 11 17 12 12 12 12
12 12 12 12 18 10 10 11 10 43 10 11 10 10 10 11 10 10 41 41 41 41 41 41 41 41 41 41 41 41 41 41 10 10 41 11 10 43 10 11 10 10 10 11 10 17 12 12 12 12
12 12 12 12 18 11 11 11 11 43 10 11 43 11 11 11 11 10 41 41 41 41 41 41 41 41 41 41 41 41 41 41 10 11 11 41 11 43 10 11 41 11 11 11 11 17 12 12 12 12
12 12 12 12 18 10 10 10 10 11 10 10 11 10 10 10 10 10 41 41 41 41 41 41 41 41 41 41 41 41 41 41 10 10 10 10 10 11 10 10 11 10 10 10 10 17 12 12 12 12
12 12 12 12 18 11 11 11 43 43 11 10 11 43 43 11 11 10 41 41 41 41 41 41 41 41 41 41 41 41 41 41 10 11 11 41 43 41 11 10 11 43 43 11 11 17 12 12 12 12
12 12 12 12 18 11 43 11 11 11 10 11 11 11 11 11 11 10 41 41 41 41 41 41 41 41 41 41 41 41 41 41 10 11 43 11 11 11 10 11 11 11 11 11 11 17 12 12 12 12
12 12 12 12 18 11 10 10 11 10 10 11 10 10 11 43 10 10 41 41 41 41 41 41 41 41 41 41 41 41 41 41 10 11 10 10 11 10 10 11 10 10 11 41 10 17 12 12 12 12
12 12 12 12 18 11 10 11 43 43 11 11 11 11 10 11 11 10 41 41 41 41 41 41 41 41 41 41 41 41 41 41 10 11 10 41 43 43 11 11 11 11 10 11 11 17 12 12 12 12
12 12 12 12 18 10 10 11 10 10 11 10 43 43 11 10 10 10 41 41 41 41 41 41 41 41 41 41 41 41 41 41 10 10 10 11 10 10 11 10 43 41 41 41 41 17 12 12 12 12
12 12 12 12 18 10 11 43 11 10 10 10 11 10 10 10 10 10 41 41 41 41 41 41 41 41 41 41 41 41 41 41 10 10 11 43 11 10 10 10 11 10 10 10 41 17 12 12 12 12
12 12 12 12 18 11 10 11 11 11 10 11 11 11 11 11 10 10 41 41 41 41 41 41 41 41 41 41 41 41 41 41 10 11 10 11 11 11 10 11 11 11 11 11 10 17 12 12 12 12
12 12 12 12 18 10 11 11 11 42 42 11 10 10 11 10 11 10 41 41 41 41 41 41 41 41 41 41 41 41 41 41 10 10 11 11 11 11 10 10 42 42 11 10 11 17 12 12 12 12
12 12 12 12 24 15 15 15 15 42 42 15 15 15 15 15 15 15 41 41 41 41 41 41 41 41 41 41 41 41 41 41 15 15 15 15 15 15 15 15 42 42 15 15 15 25 12 12 12 12
12 12 12 12 12 12 12 12 12 42 42 12 12 12 12 12 12 12 18 26 26 26 26 26 26 26 26 26 26 26 26 26 17 12 12 12 12 12 12 12 42 42 12 12 12 12 12 12 12 12
12 12 12 12 12 12 12 12 12 42 42 12 12 12 12 12 12 12 18 26 26 26 26 26 26 26 26 26 26 26 26 26 17 12 12 12 12 12 12 12 42 42 12 12 12 12 12 12 12 12
12 12 12 12 12 12 12 12 12 42 42 12 12 12 12 12 12 12 18 26 26 26 26 26 26 26 26 26 26 26 26 26 17 12 12 12 12 12 12 12 42 42 12 12 12 12 12 12 12 12
12 12 12 12 12 12 12 12 12 42 42 12 12 12 12 12 12 12 18 26 26 26 26 26 26 26 26 26 26 26 26 26 17 12 12 12 12 12 12 12 42 42 12 12 12 12 12 12 12 12
12 12 12 12 12 12 12 12 12 42 42 12 12 12 12 12 12 12 18 26 26 26 14 15 15 15 15 16 26 26 26 26 17 12 12 12 12 12 12 12 42 42 12 12 12 12 12 12 12 12
12 12 12 12 12 12 12 12 12 42 42 12 42 12 12 12 12 12 18 26 26 26 17 12 12 12 12 18 26 26 26 26 17 12 12 12 12 12 12 12 42 42 12 12 12 12 12 12 12 12
12 12 12 12 12 12 12 12 12 42 42 42 42 42 42 42 42 42 42 26 26 26 17 12 12 12 12 18 26 26 26 26 26 26 26 26 26 26 26 26 42 42 12 12 12 12 12 12 12 12
12 12 12 12 12 12 12 12 12 42 42 42 42 42 42 42 42 42 42 26 26 26 17 12 12 12 12 18 26 26 26 26 26 26 26 26 26 26 26 26 42 42 12 12 12 12 12 12 12 12
12 12 12 12 12 12 12 12 12 42 42 12 12 12 12 12 12 12 18 26 26 26 17 12 12 12 12 18 26 26 26 26 17 12 12 12 12 12 12 12 42 42 12 12 12 12 12 12 12 12
12 12 12 12 12 12 12 12 12 42 42 12 12 12 12 12 12 12 18 26 26 26 19 20 20 20 20 21 26 26 26 26 17 12 12 12 12 12 12 12 42 42 12 12 12 12 12 12 12 12
12 12 12 12 12 12 12 12 12 42 42 12 12 12 12 12 12 12 18 26 26 26 26 26 26 26 26 26 26 26 26 26 17 12 12 12 12 12 12 12 42 42 12 12 12 12 12 12 12 12
12 12 12 12 12 12 12 12 12 42 42 12 12 12 12 12 12 12 18 26 26 26 26 26 26 26 26 26 26 26 26 26 17 12 12 12 12 12 12 12 42 42 12 12 12 12 12 12 12 12
12 12 12 12 12 12 12 12 12 42 42 12 12 12 12 12 12 12 18 26 26 26 26 26 26 26 26 26 26 26 26 26 17 12 12 12 12 12 12 12 42 42 12 12 12 12 12 12 12 12
12 12 12 12 12 12 12 12 12 42 42 12 12 12 12 12 12 12 18 26 26 26 26 26 26 26 26 26 26 26 26 26 17 12 12 12 12 12 12 12 42 42 12 12 12 12 12 12 12 12
12 12 12 12 22 20 20 20 20 42 42 20 20 20 20 20 20 20 41 41 41 41 41 41 41 41 41 41 41 41 41 41 20 20 20 20 20 20 20 20 42 42 20 20 20 23 12 12 12 12
12 12 12 12 18 11 26 26 26 42 42 26 26 26 26 26 26 10 41 41 41 41 41 41 41 41 41 41 41 41 41 41 31 26 26 26 26 26 26 26 42 42 26 26 26 17 12 12 12 12
12 12 12 12 18 10 26 26 10 42 42 26 26 26 26 26 26 10 41 41 41 41 41 41 41 41 41 41 41 41 41 41 31 26 26 26 10 26 26 26 42 42 26 26 26 17 12 12 12 12
12 12 12 12 18 11 26 10 26 26 26 11 26 10 26 10 26 10 41 41 41 41 41 41 41 41 41 41 41 41 41 41 31 26 26 10 26 26 26 11 26 10 26 10 26 17 12 12 12 12
12 12 12 12 18 10 11 26 26 11 26 26 11 26 26 26 11 10 41 41 41 41 41 41 41 41 41 41 41 41 41 41 31 26 11 26 26 11 26 26 11 26 26 26 11 17 12 12 12 12
12 12 12 12 18 11 11 26 26 26 26 26 26 26 11 26 26 10 41 41 41 41 41 41 41 41 41 41 41 41 41 41 31 26 11 26 26 26 26 26 26 26 11 26 26 17 12 12 12 12
12 12 12 12 18 11 26 26 10 26 26 26 10 26 26 26 11 10 41 41 41 41 41 41 41 41 41 41 41 41 41 41 31 26 26 26 10 26 26 26 10 26 26 26 11 17 12 12 12 12
12 12 12 12 18 10 10 26 26 26 26 11 26 26 26 26 26 10 41 41 41 41 41 41 41 41 41 41 41 41 41 41 31 26 10 26 26 26 26 11 26 26 26 26 26 17 12 12 12 12
12 12 12 12 18 11 26 11 26 11 26 26 26 26 26 10 11 10 41 41 41 41 41 41 41 41 41 41 41 41 41 41 31 26 26 11 14 15 15 15 15 16 26 10 11 17 12 12 12 12
12 12 12 12 18 10 26 26 26 26 26 26 26 11 26 26 26 10 41 41 41 41 41 41 41 41 41 41 41 41 41 41 31 26 26 26 17 12 12 12 12 18 26 26 26 17 12 12 12 12
12 12 12 12 18 10 26 11 26 26 26 11 26 26 26 26 26 10 41 41 41 41 41 41 41 41 41 41 41 41 41 41 31 26 26 11 17 12 12 12 12 18 26 26 26 17 12 12 12 12
12 12 12 12 18 11 26 26 26 26 26 26 26 26 26 10 11 10 41 41 41 41 41 41 41 41 41 41 41 41 41 41 31 26 26 26 17 12 12 12 12 18 26 10 11 17 12 12 12 12
12 12 12 12 18 10 11 26 26 11 26 26 26 10 26 26 26 10 41 41 41 41 41 41 41 41 41 41 41 41 41 41 31 26 11 26 17 12 12 12 12 18 26 26 26 17 12 12 12 12
12 12 12 12 24 15 15 15 15 15 15 15 15 15 15 15 15 15 15 15 15 15 15 15 15 15 15 15 15 15 15 15 15 15 15 15 25 12 12 12 12 24 15 15 15 25 12 12 12 12
12 12 12 12 12 12 12 12 12 12 12 12 12 12 12 12 12 12 12 12 12 12 12 12 12 12 12 12 12 12 12 12 12 12 12 12 12 12 12 12 12 12 12 12 12 12 12 12 12 12
12 12 12 12 12 12 12 12 12 12 12 12 12 12 12 12 12 12 12 12 12 12 12 12 12 12 12 12 12 12 12 12 12 12 12 12 12 12 12 12 12 12 12 12 12 12 12 12 12 12
12 12 12 12 12 12 12 12 12 12 12 12 12 12 12 12 12 12 12 12 12 12 12 12 12 12 12 12 12 12 12 12 12 12 12 12 12 12 12 12 12 12 12 12 12 12 12 12 12 12
12 12 12 12 12 12 12 12 12 12 12 12 12 12 12 12 12 12 12 12 12 12 12 12 12 12 12 12 12 12 12 12 12 12 12 12 12 12 12 12 12 12 12 12 12 12 12 12 12 12